Helen 100 93 98 90 89 100 92
Cuixin 100 100 98 95 100 100 98
Oscar 88 85 80 80 78 75 65
Zara 90 90 91 80 88 95 73
Rajesh 100 100 100 98 100 93 95
Maria 87 88 84 91 92 99 80
Michael 99 100 100 93 90 82 82
Omar 93 86 76 90 91 95 93
Catherine 71 0 88 93 25 78 82
Slobodan 100 100 100 100 100 100 100
Katrina 100 95 90 85 80 75 70
Vijay 95 98 99 100 95 88 99
Evelyn 73 83 75 84 79 81 78
Karen 100 100 100 100 98 99 100
John 71 80 82 85 90 91 95
Xiao 100 80 78 85 82 90 93
Moses 90 83 92 78 99 83 90
Samantha 91 91 92 90 91 93 89
Norman 55 0 70 0 80 71 64
Christopher 85 93 92 98 82 99 100
